This file has exactly 18.1 minutes of night flight time. From 2335Z to 2353Z. Sunset in this area is 2253Z.| a1c273 | 1517270006 | 33.20114911612818 | -96.74218625438454 |

| a1c273 | 1517270002 | 33.19998531018273 | -96.7422423070791  |
| a1c273 | 1517270000 | 33.19935607910156 | -96.7423095703125  |
| a1c273 | 1517269999 | 33.19905426542638 | -96.7423544124681  |
| a1c273 | 1517269998 | 33.19889831542969 | -96.74241943359374 |
| a1c273 | 1517269997 | 33.19849563857256 | -96.74252257055167 |
| a1c273 | 1517269992 | 33.19715881347656 | -96.74285888671875 |
| a1c273 | 1517269991 | 33.19683837890625 | -96.74291381835934 |
| a1c273 | 1517269990 | 33.19656372070312 | -96.74302368164064 |
| a1c273 | 1517269989 | 33.19626113115731 | -96.74313915019133 |
| a1c273 | 1517269988 | 33.19596862792969 | -96.74329833984376 |
| a1c273 | 1517269987 | 33.1957025043035  | -96.7434194136639  |
| a1c273 | 1517269986 | 33.19537663863877 | -96.74358757174747 |
| a1c273 | 1517269985 | 33.19523698192532 | -96.74364362444197 |
| a1c273 | 1517269984 | 33.19495766849841 | -96.74386783522004 |
| a1c273 | 1517269983 | 33.1946783550715  | -96.74420415138712 |
| a1c273 | 1517269982 | 33.19449214612023 | -96.7444844148597  |
| a1c273 | 1517269981 | 33.19430593716896 | -96.74482073102678 |
| a1c273 | 1517269980 | 33.19418334960938 | -96.74511108398434 |
| a1c273 | 1517269979 | 33.19402662374205 | -96.74549336336094 |
| a1c273 | 1517269978 | 33.19390869140625 | -96.74593505859372 |
| a1c273 | 1517269977 | 33.19381713867188 | -96.74637451171873 |
| a1c273 | 1517269976 | 33.19379386255297 | -96.74678257533481 |
| a1c273 | 1517269975 | 33.19374731031515 | -96.74723099689095 |
| a1c273 | 1517269974 | 33.19384041479078 | -96.7478475765306  |
| a1c273 | 1517269973 | 33.1938869670286  | -96.74807178730867 |
| a1c273 | 1517269972 | 33.19407317597987 | -96.74868836694833 |
| a1c273 | 1517269971 | 33.19418334960938 | -96.7489013671875  |
| a1c273 | 1517269970 | 33.19450378417969 | -96.7493957519531  |
| a1c273 | 1517269969 | 33.19481801178495 | -96.74969731544962 |
| a1c273 | 1517269968 | 33.19496154785156 | -96.74983520507811 |
| a1c273 | 1517269967 | 33.19528198242188 | -96.75005493164059 |
| a1c273 | 1517269966 | 33.19583129882812 | -96.75027465820312 |
| a1c273 | 1517269965 | 33.19619750976562 | -96.75032958984372 |
| a1c273 | 1517269964 | 33.19663354905985 | -96.75042600047829 |
| a1c273 | 1517269963 | 33.19683837890625 | -96.75043945312501 |
| a1c273 | 1517269918 | 33.22112002615201 | -96.75025784239477 |
| a1c273 | 1517269912 | 33.22503662109375 | -96.75             |
| a1c273 | 1517269910 | 33.22638042902543 | -96.74986547353313 |
| a1c273 | 1517269909 | 33.22689250364142 | -96.74980942083863 |
| a1c273 | 1517269908 | 33.22787475585938 | -96.74967041015623 |
| a1c273 | 1517269907 | 33.22828674316406 | -96.74956054687499 |
| a1c273 | 1517269906 | 33.22884769762977 | -96.74947310467155 |
| a1c273 | 1517269905 | 33.22949942895922 | -96.74924889389348 |
| a1c273 | 1517269904 | 33.23025512695312 | -96.74901123046874 |
| a1c273 | 1517269903 | 33.23089599609375 | -96.74879150390626 |
| a1c273 | 1517269902 | 33.23153686523438 | -96.74851684570314 |
| a1c273 | 1517269901 | 33.23210635427701 | -96.74823994539219 |
| a1c273 | 1517269900 | 33.23271153336864 | -96.74790362922511 |
| a1c273 | 1517269899 | 33.23336326469809 | -96.74751126036352 |
| a1c273 | 1517269898 | 33.23424775721663 | -96.74683862802931 |
| a1c273 | 1517269897 | 33.23455810546875 | -96.74653930664061 |
| a1c273 | 1517269896 | 33.23531845868644 | -96.74582967952807 |
| a1c273 | 1517269895 | 33.23561096191406 | -96.74549560546876 |
| a1c273 | 1517269894 | 33.23610984672934 | -96.74482073102678 |
| a1c273 | 1517269893 | 33.23652648925781 | -96.74417724609373 |
| a1c273 | 1517269892 | 33.23689270019531 | -96.74346313476559 |
| a1c273 | 1517269891 | 33.23735046386719 | -96.74236450195309 |
| a1c273 | 1517269890 | 33.23744201660156 | -96.74208984374997 |
| a1c273 | 1517269889 | 33.23771667480469 | -96.74132080078124 |
| a1c273 | 1517269888 | 33.23792538400424 | -96.74044862085458 |
| a1c273 | 1517269887 | 33.23808288574219 | -96.73978271484373 |
| a1c273 | 1517269886 | 33.23820469743114 | -96.7390473034917  |
| a1c273 | 1517269884 | 33.23849487304688 | -96.73725585937501 |
| a1c273 | 1517269849 | 33.24146335407839 | -96.7093393753986  |
| a1c273 | 1517269846 | 33.24192887645657 | -96.70653674067285 |
| a1c273 | 1517269843 | 33.242431640625   | -96.70418701171872 |
| a1c273 | 1517269840 | 33.24302673339844 | -96.70171508789059 |
| a1c273 | 1517269832 | 33.24481201171875 | -96.69517822265624 |
| a1c273 | 1517269830 | 33.24526977539062 | -96.69314575195312 |
| a1c273 | 1517269818 | 33.24718927932998 | -96.68349908322705 |
| a1c273 | 1517269811 | 33.2485392942267  | -96.67772565569197 |
| a1c273 | 1517269801 | 33.2509134583554  | -96.66909354073658 |
| a1c273 | 1517269795 | 33.25244968220339 | -96.66388064014666 |
| a1c273 | 1517269793 | 33.25291442871094 | -96.66243896484372 |
| a1c273 | 1517269792 | 33.25319451800847 | -96.66169458506056 |
| a1c273 | 1517269790 | 33.25384624933793 | -96.66006905691961 |
| a1c273 | 1517269789 | 33.25419616699219 | -96.65936279296875 |
| a1c273 | 1517269788 | 33.25456237792969 | -96.65859374999997 |
| a1c273 | 1517269787 | 33.25506591796875 | -96.65749511718747 |
| a1c273 | 1517269785 | 33.25570678710938 | -96.65628662109373 |
| a1c273 | 1517269784 | 33.25617386122881 | -96.6555287886639  |
| a1c273 | 1517269782 | 33.25696524927172 | -96.65423957669003 |
| a1c273 | 1517269779 | 33.25836181640625 | -96.65211181640626 |
| a1c273 | 1517269775 | 33.26033020019531 | -96.64931030273436 |
| a1c273 | 1517269774 | 33.26083374023438 | -96.64865112304688 |
| a1c273 | 1517269773 | 33.26133728027344 | -96.64804687499998 |
| a1c273 | 1517269772 | 33.26185323424259 | -96.64740114795916 |
| a1c273 | 1517269771 | 33.26216125488281 | -96.64705810546872 |
| a1c273 | 1517269771 | 33.2626911745233  | -96.64644825215242 |
| a1c273 | 1517269769 | 33.26358032226562 | -96.64552001953126 |
| a1c273 | 1517269768 | 33.26413429389566 | -96.64504693478955 |
| a1c273 | 1517269767 | 33.26467895507812 | -96.64458618164059 |
| a1c273 | 1517269763 | 33.26724243164062 | -96.64255371093748 |
| a1c273 | 1517269750 | 33.27539993544756 | -96.63641481983416 |
| a1c273 | 1517269741 | 33.28121896517479 | -96.6323790258291  |
| a1c273 | 1517269739 | 33.28239440917969 | -96.63145751953124 |
| a1c273 | 1517269738 | 33.28303527832031 | -96.63090820312499 |
| a1c273 | 1517269737 | 33.28368623377913 | -96.63036112882651 |
| a1c273 | 1517269736 | 33.28429141287076 | -96.62974454918685 |
| a1c273 | 1517269735 | 33.28472900390625 | -96.62931518554689 |
| a1c273 | 1517269734 | 33.28531556210275 | -96.62862349529655 |
| a1c273 | 1517269733 | 33.28582763671875 | -96.6280069156569  |
| a1c273 | 1517269732 | 33.28629315909693 | -96.62739033601719 |
| a1c273 | 1517269731 | 33.28671212923729 | -96.62682980907204 |
| a1c273 | 1517269730 | 33.28738403320312 | -96.62568969726561 |
| a1c273 | 1517269729 | 33.28765869140625 | -96.6252502441406  |
| a1c273 | 1517269728 | 33.28802490234375 | -96.62448120117188 |
| a1c273 | 1517269727 | 33.28843456203654 | -96.6236348054847  |
| a1c273 | 1517269722 | 33.29031372070312 | -96.61948242187498 |
| a1c273 | 1517269713 | 33.29310607910156 | -96.61250610351561 |
| a1c273 | 1517269675 | 33.30404663085938 | -96.58229370117186 |
| a1c273 | 1517269672 | 33.30514526367188 | -96.57982177734374 |
| a1c273 | 1517269670 | 33.30583190917969 | -96.57833862304688 |
| a1c273 | 1517269668 | 33.30656433105469 | -96.57696533203125 |
| a1c273 | 1517269667 | 33.30693054199219 | -96.57630615234376 |
| a1c273 | 1517269665 | 33.30770718849311 | -96.57492501395086 |
| a1c273 | 1517269663 | 33.30867004394531 | -96.57350463867186 |
| a1c273 | 1517269556 | 33.35826291876324 | -96.49959019252231 |
| a1c273 | 1517269541 | 33.36478023205773 | -96.48882807517538 |
| a1c273 | 1517269539 | 33.36566472457627 | -96.487482810507   |
| a1c273 | 1517269502 | 33.38265629137977 | -96.46237120336417 |
| a1c273 | 1517269500 | 33.38335457494703 | -96.46119409677931 |
| a1c273 | 1517269499 | 33.3840528585143  | -96.4599609375     |
| a1c273 | 1517269498 | 33.38423906746557 | -96.45956856863836 |
| a1c273 | 1517269497 | 33.38465803760593 | -96.45872777822063 |
| a1c273 | 1517269496 | 33.38507080078125 | -96.45765380859376 |
| a1c273 | 1517269495 | 33.38526321669756 | -96.45721435546875 |
| a1c273 | 1517269494 | 33.38549597788665 | -96.45637356505102 |
| a1c273 | 1517269493 | 33.38571166992188 | -96.45545654296876 |
| a1c273 | 1517269492 | 33.38591494802701 | -96.4544677734375  |
| a1c273 | 1517269490 | 33.38612365722656 | -96.45260009765622 |
| a1c273 | 1517269489 | 33.38619426145392 | -96.45160908601719 |
| a1c273 | 1517269488 | 33.38619426145392 | -96.45071224290496 |
| a1c273 | 1517269487 | 33.38621520996094 | -96.44974365234373 |
| a1c273 | 1517269485 | 33.38621520996094 | -96.44848022460934 |
| a1c273 | 1517269483 | 33.3861477092161  | -96.44628408003825 |
| a1c273 | 1517269482 | 33.38605460474047 | -96.44505092075894 |
| a1c273 | 1517269481 | 33.38605460474047 | -96.44471460459181 |
| a1c273 | 1517269480 | 33.38594055175781 | -96.44381103515622 |
| a1c273 | 1517269479 | 33.38575744628906 | -96.44293212890625 |
| a1c273 | 1517269478 | 33.38557434082031 | -96.44216308593747 |
| a1c273 | 1517269477 | 33.38534545898438 | -96.44150390624998 |
| a1c273 | 1517269476 | 33.38498390327066 | -96.44067881058675 |
| a1c273 | 1517269475 | 33.38461148536811 | -96.44000617825253 |
| a1c273 | 1517269472 | 33.38337707519531 | -96.43809814453124 |
| a1c273 | 1517269471 | 33.38298215704449 | -96.43759591238836 |
| a1c273 | 1517269470 | 33.38223732123941 | -96.4368672273597  |
| a1c273 | 1517269469 | 33.38191145557468 | -96.43653091119262 |
| a1c273 | 1517269467 | 33.3804931640625  | -96.43557128906247 |
| a1c273 | 1517269466 | 33.38018902277543 | -96.43540985730232 |
| a1c273 | 1517269464 | 33.37851314221398 | -96.43507354113518 |
| a1c273 | 1517269462 | 33.37758209745763 | -96.43512959382969 |
| a1c273 | 1517269461 | 33.37688381389036 | -96.43529775191325 |
| a1c273 | 1517269458 | 33.37502172437765 | -96.43630670041455 |
| a1c273 | 1517269457 | 33.37455620199947 | -96.43669906927613 |
| a1c273 | 1517269456 | 33.37409067962129 | -96.43725959622128 |
| a1c273 | 1517269455 | 33.37367248535156 | -96.43793334960935 |
| a1c273 | 1517269454 | 33.37329929157839 | -96.43866091358416 |
| a1c273 | 1517269453 | 33.37312316894531 | -96.43903198242185 |
| a1c273 | 1517269452 | 33.372802734375   | -96.44024047851559 |
| a1c273 | 1517269451 | 33.37275695800781 | -96.44057006835936 |
| a1c273 | 1517269450 | 33.37261962890625 | -96.44166870117186 |
| a1c273 | 1517269449 | 33.37257385253906 | -96.44243774414059 |
| a1c273 | 1517269448 | 33.37261962890625 | -96.44315185546873 |
| a1c273 | 1517269447 | 33.37275695800781 | -96.44403076171875 |
| a1c273 | 1517269446 | 33.37289428710938 | -96.44485473632812 |
| a1c273 | 1517269445 | 33.37315963486493 | -96.44577960578761 |
| a1c273 | 1517269444 | 33.37348550052966 | -96.44656434351083 |
| a1c273 | 1517269443 | 33.3738579184322  | -96.44734908123405 |
| a1c273 | 1517269442 | 33.37431335449219 | -96.44815063476562 |
| a1c273 | 1517269441 | 33.37474241095074 | -96.44880645129143 |
| a1c273 | 1517269440 | 33.37530103780455 | -96.44947908362565 |
| a1c273 | 1517269439 | 33.375732421875   | -96.44996337890626 |
| a1c273 | 1517269438 | 33.37637329101562 | -96.45062255859375 |
| a1c273 | 1517269437 | 33.37701416015625 | -96.451171875      |
| a1c273 | 1517269436 | 33.37767520193326 | -96.45166513871175 |
| a1c273 | 1517269435 | 33.37846658997616 | -96.45211356026783 |
| a1c273 | 1517269434 | 33.37911987304688 | -96.45243530273439 |
| a1c273 | 1517269433 | 33.38009591829979 | -96.45273013990754 |
| a1c273 | 1517269432 | 33.3803752317267  | -96.45284224529655 |
| a1c273 | 1517269431 | 33.38116661976959 | -96.45295435068556 |
| a1c273 | 1517269430 | 33.38200378417969 | -96.45298461914064 |
| a1c273 | 1517269429 | 33.38349423166049 | -96.45278619260205 |
| a1c273 | 1517269428 | 33.38388061523438 | -96.45270996093751 |
| a1c273 | 1517269427 | 33.38461303710938 | -96.45249023437498 |
| a1c273 | 1517269426 | 33.38534545898438 | -96.45216064453126 |
| a1c273 | 1517269425 | 33.38591494802701 | -96.45188934948982 |
| a1c273 | 1517269424 | 33.38661323159427 | -96.45149698062818 |
| a1c273 | 1517269423 | 33.38726496292373 | -96.45099250637753 |
| a1c273 | 1517269422 | 33.38833566439354 | -96.4500956632653  |
| a1c273 | 1517269420 | 33.38914489746094 | -96.44924926757812 |
| a1c273 | 1517269403 | 33.39834594726562 | -96.43853759765625 |
| a1c273 | 1517269358 | 33.42095947265625 | -96.41068725585939 |
| a1c273 | 1517269280 | 33.46371459960938 | -96.36388549804684 |
| a1c273 | 1517269266 | 33.47045381190413 | -96.3555908203125  |
| a1c273 | 1517269246 | 33.481201171875   | -96.34389038085936 |
| a1c273 | 1517269232 | 33.48916781150688 | -96.3357481664541  |
| a1c273 | 1517269227 | 33.49205017089844 | -96.33306884765625 |
| a1c273 | 1517269221 | 33.49562072753906 | -96.32999267578123 |
| a1c273 | 1517269215 | 33.49936275158898 | -96.3270039461097  |
| a1c273 | 1517269182 | 33.52017160189354 | -96.31069261200571 |
| a1c273 | 1517269096 | 33.57637023925781 | -96.26472940250318 |
| a1c273 | 1517269093 | 33.57845500364142 | -96.26312255859375 |
| a1c273 | 1517269044 | 33.61308986857786 | -96.23943328857422 |
| a1c273 | 1517269030 | 33.62228393554688 | -96.23193857621175 |
| a1c273 | 1517269027 | 33.62471008300781 | -96.23025699537629 |
| a1c273 | 1517269023 | 33.62714864439884 | -96.22873306274414 |
| a1c273 | 1517269011 | 33.63606262207031 | -96.22347461933992 |
| a1c273 | 1517269009 | 33.63752746582031 | -96.22246567083863 |
| a1c273 | 1517268995 | 33.6451178081965  | -96.21511459350586 |
| a1c273 | 1517268992 | 33.64677429199219 | -96.21327302893815 |
| a1c273 | 1517268991 | 33.64730576337394 | -96.21265411376953 |
| a1c273 | 1517268989 | 33.64833068847656 | -96.21136723732462 |
| a1c273 | 1517268987 | 33.64916785288665 | -96.21013641357422 |
| a1c273 | 1517268985 | 33.65016174316406 | -96.20867670798788 |
| a1c273 | 1517268978 | 33.65284547967426 | -96.20424270629883 |
| a1c273 | 1517268976 | 33.65359497070312 | -96.20301538584181 |
| a1c273 | 1517268975 | 33.65409851074219 | -96.20206249003508 |
| a1c273 | 1517268973 | 33.65464782714844 | -96.20094143614477 |
| a1c273 | 1517268972 | 33.65524291992188 | -96.19970827686541 |
| a1c273 | 1517268971 | 33.655517578125   | -96.19897959183675 |
| a1c273 | 1517268968 | 33.65619724079714 | -96.19691848754883 |
| a1c273 | 1517268967 | 33.65638344974841 | -96.19617462158203 |
| a1c273 | 1517268961 | 33.65693664550781 | -96.19230932118938 |
| a1c273 | 1517268960 | 33.65693664550781 | -96.19158063616072 |
| a1c273 | 1517268959 | 33.65689086914062 | -96.19057168765943 |
| a1c273 | 1517268958 | 33.65680241988877 | -96.18976593017578 |
| a1c273 | 1517268957 | 33.65675586765095 | -96.18953704833984 |
| a1c273 | 1517268955 | 33.65634155273438 | -96.18737668407204 |
| a1c273 | 1517268953 | 33.6561041363215  | -96.18650436401367 |
| a1c273 | 1517268950 | 33.65528869628906 | -96.18451799665178 |
| a1c273 | 1517268949 | 33.65510559082031 | -96.18412562779019 |
| a1c273 | 1517268945 | 33.65372997219279 | -96.18198394775391 |
| a1c273 | 1517268944 | 33.65298513638771 | -96.18118286132812 |
| a1c273 | 1517268942 | 33.65226745605469 | -96.18048220264666 |
| a1c273 | 1517268941 | 33.6514892578125  | -96.17992167570151 |
| a1c273 | 1517268940 | 33.65121615135063 | -96.17969512939453 |
| a1c273 | 1517268939 | 33.65066528320312 | -96.17941720145086 |
| a1c273 | 1517268938 | 33.65016174316406 | -96.17913693797829 |
| a1c273 | 1517268937 | 33.64993286132812 | -96.17902483258928 |
| a1c273 | 1517268936 | 33.6492919921875  | -96.17880062181121 |
| a1c273 | 1517268934 | 33.64823913574219 | -96.17857641103313 |
| a1c273 | 1517268933 | 33.6474609375     | -96.17846430564413 |
| a1c273 | 1517268932 | 33.6469333454714  | -96.17843627929688 |
| a1c273 | 1517268920 | 33.64091491699219 | -96.17835220025512 |
| a1c273 | 1515261304 | 33.21817016601562 | -96.73115844726561 |
| a1c273 | 1515261303 | 33.21790792174259 | -96.73114387356503 |
| a1c273 | 1515261302 | 33.21748352050781 | -96.73115844726561 |
| a1c273 | 1515261297 | 33.21487426757812 | -96.73126831054685 |
| a1c273 | 1515261286 | 33.20943541445975 | -96.73164834781568 |
| a1c273 | 1515261285 | 33.20896911621094 | -96.73165283203122 |
| a1c273 | 1515261283 | 33.20773315429688 | -96.73165283203122 |
| a1c273 | 1515261281 | 33.20659572795286 | -96.73159229512117 |
| a1c273 | 1515261279 | 33.20589744438559 | -96.73153624242667 |
| a1c273 | 1515261272 | 33.20235947431144 | -96.73108782087053 |
| a1c273 | 1515261270 | 33.20156808626854 | -96.73103176817602 |
| a1c273 | 1515261269 | 33.20059048927436 | -96.73097571548152 |
| a1c273 | 1515261268 | 33.20059048927436 | -96.73097571548152 |
| a1c273 | 1515261267 | 33.20004272460938 | -96.73099365234373 |
| a1c273 | 1515261266 | 33.1995849609375  | -96.73104858398438 |
| a1c273 | 1515261265 | 33.19905426542638 | -96.73119992625954 |
| a1c273 | 1515261264 | 33.19862365722656 | -96.7313232421875  |
| a1c273 | 1515261263 | 33.19821632514566 | -96.73148018973211 |
| a1c273 | 1515261262 | 33.19779968261719 | -96.73170776367186 |
| a1c273 | 1515261261 | 33.19734191894531 | -96.73198242187499 |
| a1c273 | 1515261260 | 33.19691286248676 | -96.73232098014989 |
| a1c273 | 1515261259 | 33.19654044458422 | -96.73271334901148 |
| a1c273 | 1515261258 | 33.19619750976562 | -96.73308105468749 |
| a1c273 | 1515261257 | 33.19587707519531 | -96.7335205078125  |
| a1c273 | 1515261256 | 33.195556640625   | -96.7340148925781  |
| a1c273 | 1515261255 | 33.19532775878906 | -96.73439941406247 |
| a1c273 | 1515261254 | 33.19514465332031 | -96.73489379882812 |
| a1c273 | 1515261253 | 33.19495766849841 | -96.73540387834822 |
| a1c273 | 1515261252 | 33.19486999511719 | -96.73593749999998 |
| a1c273 | 1515261251 | 33.19477145954714 | -96.73646887954402 |
| a1c273 | 1515261250 | 33.19472490730932 | -96.73697335379461 |
| a1c273 | 1515261249 | 33.19477145954714 | -96.73753388073982 |
| a1c273 | 1515261248 | 33.19481801178495 | -96.73803835499041 |
| a1c273 | 1515261247 | 33.19491111626059 | -96.73854282924106 |
| a1c273 | 1515261246 | 33.19509887695312 | -96.73906860351559 |
| a1c273 | 1515261245 | 33.19528198242188 | -96.7395080566406  |
| a1c273 | 1515261244 | 33.19551086425781 | -96.73994750976561 |
| a1c273 | 1515261243 | 33.19583129882812 | -96.74044189453122 |
| a1c273 | 1515261242 | 33.19607492220604 | -96.74072888432715 |
| a1c273 | 1515261241 | 33.19656372070312 | -96.7412109375     |
| a1c273 | 1515261240 | 33.19670104980469 | -96.74132080078124 |
| a1c273 | 1515261239 | 33.19709907143802 | -96.74156967474488 |
| a1c273 | 1515261238 | 33.19743347167969 | -96.7417053222656  |
| a1c273 | 1515261237 | 33.19784545898438 | -96.74187011718749 |
| a1c273 | 1515261236 | 33.19830942962129 | -96.74196204360652 |
| a1c273 | 1515261235 | 33.19871520996094 | -96.74203491210938 |
| a1c273 | 1515261234 | 33.19912719726562 | -96.74208984374997 |
| a1c273 | 1515261231 | 33.20018005371094 | -96.74214477539061 |
| a1c273 | 1515261224 | 33.20291810116525 | -96.74218625438454 |
| a1c273 | 1515261213 | 33.2069091796875  | -96.74219970703125 |
| a1c273 | 1515260859 | 33.21469116210938 | -96.74208984374997 |
| a1c273 | 1515260850 | 33.21800102621822 | -96.74184993821746 |
| a1c273 | 1515260849 | 33.21853637695312 | -96.74181518554684 |
| a1c273 | 1515260848 | 33.21890258789062 | -96.74176025390625 |
| a1c273 | 1515260847 | 33.21935104111493 | -96.74168178013394 |
| a1c273 | 1515260846 | 33.21972345901748 | -96.74151362205038 |
| a1c273 | 1515260845 | 33.22013854980469 | -96.74137573242189 |
| a1c273 | 1515260844 | 33.220458984375   | -96.7412109375     |
| a1c273 | 1515260842 | 33.22091674804688 | -96.74071655273434 |
| a1c273 | 1515260841 | 33.22130623510328 | -96.74022441007651 |
| a1c273 | 1515260840 | 33.22151184082031 | -96.73983764648438 |
| a1c273 | 1515260839 | 33.22164916992188 | -96.73939819335936 |
| a1c273 | 1515260838 | 33.22177175748146 | -96.73887914540813 |
| a1c273 | 1515260837 | 33.22181830971927 | -96.73871098732462 |
| a1c273 | 1515260836 | 33.22187805175781 | -96.73829956054686 |
| a1c273 | 1515260835 | 33.22186486195709 | -96.73775809151783 |
| a1c273 | 1515260834 | 33.22187805175781 | -96.7373107910156  |
| a1c273 | 1515260833 | 33.22181830971927 | -96.7368051957111  |
| a1c273 | 1515260832 | 33.22172520524364 | -96.73624466876595 |
| a1c273 | 1515260831 | 33.22158554853019 | -96.73579624720981 |
| a1c273 | 1515260830 | 33.22146606445312 | -96.73533325195314 |
| a1c273 | 1515260829 | 33.22128295898438 | -96.73494873046872 |
| a1c273 | 1515260828 | 33.22105407714844 | -96.73450927734376 |
| a1c273 | 1515260827 | 33.22087097167969 | -96.73412475585934 |
| a1c273 | 1515260826 | 33.22051484706038 | -96.73366624481821 |
| a1c273 | 1515260825 | 33.22000277244438 | -96.73310571787306 |
| a1c273 | 1515260824 | 33.21981811523438 | -96.7329162597656  |
| a1c273 | 1515260823 | 33.21944414559057 | -96.73265729631697 |
| a1c273 | 1515260822 | 33.21907172768802 | -96.7323770328444  |
| a1c273 | 1515260821 | 33.21830749511719 | -96.73203735351564 |
| a1c273 | 1515260820 | 33.21812438964844 | -96.73198242187499 |
| a1c273 | 1515260819 | 33.21772171279131 | -96.73187255859375 |
| a1c273 | 1515260818 | 33.21725619041313 | -96.73181650589925 |
| a1c273 | 1515260817 | 33.21674411579714 | -96.73176045320469 |
| a1c273 | 1515260816 | 33.21632514565677 | -96.73176045320469 |
| a1c273 | 1515260808 | 33.21241475768009 | -96.73181650589925 |
| a1c273 | 1515260807 | 33.21171569824219 | -96.7318176269531  |
| a1c273 | 1515260790 | 33.20263878773834 | -96.73153624242667 |
| a1c273 | 1515260788 | 33.20161463850636 | -96.73148018973211 |
| a1c273 | 1515260787 | 33.20105601165254 | -96.7313680843431  |
| a1c273 | 1515260786 | 33.20040893554688 | -96.7313232421875  |
| a1c273 | 1515260785 | 33.20012496689618 | -96.7312559789541  |
| a1c273 | 1515260784 | 33.19951978780455 | -96.73108782087053 |
| a1c273 | 1515260783 | 33.19896116095074 | -96.73097571548152 |
| a1c273 | 1515260782 | 33.19812322067002 | -96.73069545200894 |
| a1c273 | 1515260781 | 33.19779968261719 | -96.73055419921872 |
| a1c273 | 1515260780 | 33.19715881347656 | -96.73027954101559 |
| a1c273 | 1515260779 | 33.19660949707031 | -96.73000488281247 |
| a1c273 | 1515260778 | 33.19606018066406 | -96.72973022460934 |
| a1c273 | 1515260777 | 33.19542319087659 | -96.72935018734057 |
| a1c273 | 1515260776 | 33.19491577148438 | -96.72901611328126 |
| a1c273 | 1515260775 | 33.19441223144531 | -96.72863159179684 |
| a1c273 | 1515260774 | 33.19390869140625 | -96.72824707031248 |
| a1c273 | 1515260772 | 33.19286281779661 | -96.72733229033798 |
| a1c273 | 1515260770 | 33.19184875488281 | -96.72637939453125 |
| a1c273 | 1515260758 | 33.18634550450211 | -96.72049386160711 |
| a1c273 | 1515260745 | 33.18034026582362 | -96.71382359095981 |
| a1c273 | 1515260743 | 33.179223012116   | -96.71247832629143 |
| a1c273 | 1515260741 | 33.17852472854873 | -96.7115814831792  |
| a1c273 | 1515260740 | 33.17805920617055 | -96.71102095623405 |
| a1c273 | 1515260739 | 33.17764023603019 | -96.7104043765944  |
| a1c273 | 1515260738 | 33.17729187011719 | -96.7098449707031  |
| a1c273 | 1515260737 | 33.17692565917969 | -96.70918579101561 |
| a1c273 | 1515260736 | 33.17638332560911 | -96.7082183215083  |
| a1c273 | 1515260735 | 33.17623901367188 | -96.70786743164064 |
| a1c273 | 1515260734 | 33.17582702636719 | -96.70687866210938 |
| a1c273 | 1515260733 | 33.1755919375662  | -96.70625647720027 |
| a1c273 | 1515260732 | 33.17532348632812 | -96.70550537109375 |
| a1c273 | 1515260731 | 33.17514038085938 | -96.70473632812497 |
| a1c273 | 1515260730 | 33.17494020623676 | -96.70395831672511 |
| a1c273 | 1515260729 | 33.17489365399894 | -96.70356594786352 |
| a1c273 | 1515260728 | 33.17475399728549 | -96.70250094666773 |
| a1c273 | 1515260727 | 33.1746826171875  | -96.70182495117189 |
| a1c273 | 1515260726 | 33.17466089280985 | -96.70115568199935 |
| a1c273 | 1515260725 | 33.1746826171875  | -96.70028686523438 |
| a1c273 | 1515260723 | 33.17475399728549 | -96.69885752152425 |
| a1c273 | 1515260719 | 33.17498675847457 | -96.69599883410393 |
| a1c273 | 1515260717 | 33.17512641518802 | -96.69448541135205 |
| a1c273 | 1515260715 | 33.17532348632812 | -96.69303588867189 |
| a1c273 | 1515260713 | 33.1755919375662  | -96.69151461854273 |
| a1c273 | 1515260712 | 33.17573159427966 | -96.690673828125   |
| a1c273 | 1515260710 | 33.1761040121822  | -96.68916040537306 |
| a1c273 | 1515260709 | 33.17629022113347 | -96.6884317203444  |
| a1c273 | 1515260708 | 33.17646789550781 | -96.68781738281251 |
| a1c273 | 1515260707 | 33.17670919127384 | -96.68703040298152 |
| a1c273 | 1515260706 | 33.17692565917969 | -96.686279296875   |
| a1c273 | 1515260705 | 33.17720031738281 | -96.68556518554686 |
| a1c273 | 1515260704 | 33.17742919921875 | -96.68490600585938 |
| a1c273 | 1515260703 | 33.17774963378906 | -96.68419189453124 |
| a1c273 | 1515260702 | 33.17802429199219 | -96.68353271484375 |
| a1c273 | 1515260701 | 33.17829895019531 | -96.6829833984375  |
| a1c273 | 1515260700 | 33.1787109375     | -96.68220987125318 |
| a1c273 | 1515260699 | 33.17899025092691 | -96.68164934430803 |
| a1c273 | 1515260698 | 33.17935180664062 | -96.68100585937498 |
| a1c273 | 1515260697 | 33.17968853449418 | -96.68047223772322 |
| a1c273 | 1515260696 | 33.18003845214844 | -96.67996215820312 |
| a1c273 | 1515260695 | 33.18045043945312 | -96.67935791015623 |
| a1c273 | 1515260694 | 33.18086242675781 | -96.67880859374998 |
| a1c273 | 1515260693 | 33.18131786281779 | -96.67823012994262 |
| a1c273 | 1515260692 | 33.18169028072034 | -96.67778170838648 |
| a1c273 | 1515260691 | 33.18215580309852 | -96.67722118144133 |
| a1c273 | 1515260689 | 33.18299374337924 | -96.6763243383291  |
| a1c273 | 1515260689 | 33.18355237023305 | -96.67576381138394 |
| a1c273 | 1515260687 | 33.18397134037341 | -96.67537144252231 |
| a1c273 | 1515260686 | 33.18452996722722 | -96.67486696827166 |
| a1c273 | 1515260684 | 33.18555411645922 | -96.67402617785393 |
| a1c273 | 1515260683 | 33.18606619107521 | -96.67363380899235 |
| a1c273 | 1515260682 | 33.18663024902344 | -96.67320556640624 |
| a1c273 | 1515260680 | 33.18778862387447 | -96.67240064971298 |
| a1c273 | 1515260678 | 33.18876622086864 | -96.67184012276783 |
| a1c273 | 1515260674 | 33.1910007282839  | -96.67060696348852 |
| a1c273 | 1515260671 | 33.19281005859375 | -96.66963500976561 |
| a1c273 | 1515260668 | 33.19472490730932 | -96.66881327726401 |
| a1c273 | 1515260666 | 33.19606018066406 | -96.66826171874999 |
| a1c273 | 1515260665 | 33.19658699682203 | -96.66808459223535 |
| a1c273 | 1515260664 | 33.19715881347656 | -96.66787719726562 |
| a1c273 | 1515260663 | 33.19752502441406 | -96.66776733398439 |
| a1c273 | 1515260662 | 33.19821632514566 | -96.6675801179847  |
| a1c273 | 1515260661 | 33.19886805647511 | -96.66746801259563 |
| a1c273 | 1515260660 | 33.19967651367188 | -96.66727294921873 |
| a1c273 | 1515260659 | 33.20021807137182 | -96.66718774912306 |
| a1c273 | 1515260658 | 33.20100402832031 | -96.66705322265625 |
| a1c273 | 1515260656 | 33.20221981759799 | -96.66696353834504 |
| a1c273 | 1515260654 | 33.20347595214844 | -96.66688842773436 |
| a1c273 | 1515260621 | 33.22586835440943 | -96.66729985451212 |
| a1c273 | 1515260610 | 33.23345947265625 | -96.66771240234374 |
| a1c273 | 1515260606 | 33.23610984672934 | -96.66802853954079 |
| a1c273 | 1515260604 | 33.23739624023438 | -96.66815185546875 |
| a1c273 | 1515260602 | 33.23880987652277 | -96.66842090840242 |
| a1c273 | 1515260601 | 33.23954772949219 | -96.66853637695311 |
| a1c273 | 1515260600 | 33.24029954813295 | -96.6687572245695  |
| a1c273 | 1515260598 | 33.24164956302966 | -96.66909354073658 |
| a1c273 | 1515260596 | 33.24267371226165 | -96.66942985690372 |
| a1c273 | 1515260594 | 33.24412536621094 | -96.66996459960939 |
| a1c273 | 1515260332 | 33.41091349973517 | -96.73966388313136 |
| a1c273 | 1515260331 | 33.41184454449152 | -96.74000019929844 |
| a1c273 | 1515260330 | 33.41254282805879 | -96.740168357382   |
| a1c273 | 1515260329 | 33.41317749023438 | -96.74033203124998 |
| a1c273 | 1515260328 | 33.41368103027344 | -96.74044189453122 |
| a1c273 | 1515260327 | 33.41445922851562 | -96.7406066894531  |
| a1c273 | 1515260326 | 33.41524285785222 | -96.74067283163265 |
| a1c273 | 1515260325 | 33.41587829589844 | -96.74071655273434 |
| a1c273 | 1515260324 | 33.41654632051112 | -96.74072888432715 |
| a1c273 | 1515260323 | 33.41724460407839 | -96.74067283163265 |
| a1c273 | 1515260322 | 33.41798943988347 | -96.74056072624364 |
| a1c273 | 1515260321 | 33.41868772345074 | -96.74039256816008 |
| a1c273 | 1515260320 | 33.41944885253906 | -96.74022216796874 |
| a1c273 | 1515260319 | 33.42022394729873 | -96.74000019929844 |
| a1c273 | 1515260317 | 33.42155456542969 | -96.73956298828125 |
| a1c273 | 1515260286 | 33.44375610351562 | -96.73198242187499 |
| a1c273 | 1515260187 | 33.51457214355469 | -96.71149291992185 |
| a1c273 | 1515260180 | 33.519287109375   | -96.70973174426018 |
| a1c273 | 1515260179 | 33.52017160189354 | -96.70945148078761 |
| a1c273 | 1515260178 | 33.52079772949219 | -96.70929565429685 |
| a1c273 | 1515260177 | 33.52156816902807 | -96.70905911192602 |
| a1c273 | 1515260175 | 33.52273197497352 | -96.70883490114795 |
| a1c273 | 1515260173 | 33.52431475105932 | -96.70861069036988 |
| a1c273 | 1515260159 | 33.53448486328125 | -96.70753784179686 |
| a1c273 | 1515260158 | 33.53558039261123 | -96.70737753109057 |
| a1c273 | 1515260157 | 33.5362786761785  | -96.707209373007   |
| a1c273 | 1515260156 | 33.53695678710938 | -96.70709838867185 |
| a1c273 | 1515260155 | 33.53764343261719 | -96.70687866210938 |
| a1c273 | 1515260153 | 33.53892517089844 | -96.7065490722656  |
| a1c273 | 1515260151 | 33.54061889648438 | -96.70592016103313 |
| a1c273 | 1515260145 | 33.54423522949219 | -96.70446279097575 |
| a1c273 | 1515260144 | 33.54489084017479 | -96.7042350769043  |
| a1c273 | 1515260143 | 33.54568222821769 | -96.70400619506836 |
| a1c273 | 1515260142 | 33.54633395954714 | -96.70383453369141 |
| a1c273 | 1515260141 | 33.54702758789062 | -96.70367805325253 |
| a1c273 | 1515260140 | 33.54798889160156 | -96.70356594786352 |
| a1c273 | 1515260139 | 33.54861501920021 | -96.70354843139648 |
| a1c273 | 1515260138 | 33.54927062988281 | -96.70350989516902 |
| a1c273 | 1515260137 | 33.55009460449219 | -96.70362200055803 |
| a1c273 | 1515260135 | 33.55145470570709 | -96.70389175415039 |
| a1c273 | 1515260134 | 33.55210876464844 | -96.70407042211417 |
| a1c273 | 1515260132 | 33.5540771484375  | -96.70507937061541 |
| a1c273 | 1515260131 | 33.55439758300781 | -96.70530358139348 |
| a1c273 | 1515260130 | 33.55508578025688 | -96.70578002929688 |
| a1c273 | 1515260129 | 33.55540466308594 | -96.7060322664222  |
| a1c273 | 1515260128 | 33.55606337725106 | -96.70663833618164 |
| a1c273 | 1515260127 | 33.55668640136719 | -96.70726542570151 |
| a1c273 | 1515260126 | 33.55723571777344 | -96.70788200534122 |
| a1c273 | 1515260124 | 33.55860900878906 | -96.70950753348211 |
| a1c273 | 1515260082 | 33.57957458496094 | -96.7368612484056  |
| a1c273 | 1515260078 | 33.58138779462394 | -96.73931121826172 |
| a1c273 | 1515260070 | 33.58515852588718 | -96.74474716186523 |
| a1c273 | 1515260069 | 33.58561706542969 | -96.74532520527742 |
| a1c273 | 1515260068 | 33.58621215820312 | -96.74610994300065 |
| a1c273 | 1515260067 | 33.58699035644531 | -96.74695073341837 |
| a1c273 | 1515260066 | 33.58731079101562 | -96.74728704958545 |
| a1c273 | 1515260065 | 33.58795166015625 | -96.74789428710938 |
| a1c273 | 1515260064 | 33.58822631835938 | -96.74818389269768 |
| a1c273 | 1515260063 | 33.58900451660156 | -96.74880047233739 |
| a1c273 | 1515260062 | 33.58973693847656 | -96.74930494658798 |
| a1c273 | 1515260061 | 33.59037780761719 | -96.74969731544962 |
| a1c273 | 1515260060 | 33.591064453125   | -96.7500336316167  |
| a1c273 | 1515260059 | 33.59167583918168 | -96.75029754638672 |
| a1c273 | 1515260058 | 33.5922810182733  | -96.75058364868164 |
| a1c273 | 1515260057 | 33.5930724063162  | -96.75081253051758 |
| a1c273 | 1515260056 | 33.59381103515625 | -96.751042580118   |
| a1c273 | 1515260055 | 33.59426879882812 | -96.751154685507   |
| a1c273 | 1515260054 | 33.59527587890625 | -96.75132284359057 |
| a1c273 | 1515260053 | 33.59568786621094 | -96.75137889628508 |
| a1c273 | 1515260052 | 33.59642028808594 | -96.75149100167408 |
| a1c273 | 1515260051 | 33.59783935546875 | -96.75149100167408 |
| a1c273 | 1515260049 | 33.59857177734375 | -96.75143494897958 |
| a1c273 | 1515260046 | 33.60118103027344 | -96.75098652742344 |
| a1c273 | 1515260045 | 33.60186767578125 | -96.75076231664542 |
| a1c273 | 1515260044 | 33.60215009269068 | -96.75064086914062 |
| a1c273 | 1515260043 | 33.60294148073358 | -96.7503547668457  |
| a1c273 | 1515260040 | 33.6053466796875  | -96.7488565250319  |
| a1c273 | 1515260039 | 33.605712890625   | -96.74857626155932 |
| a1c273 | 1515260036 | 33.60713195800781 | -96.74706283880738 |
| a1c273 | 1515260034 | 33.60832214355469 | -96.74532520527742 |
| a1c273 | 1515260033 | 33.60890016717426 | -96.74417495727539 |
| a1c273 | 1515260031 | 33.60941224179025 | -96.74308776855469 |
| a1c273 | 1515260029 | 33.60992431640625 | -96.74154281616211 |
| a1c273 | 1515259982 | 33.61983994306144 | -96.70022964477539 |
| a1c273 | 1515259972 | 33.62188824152543 | -96.69136047363281 |
| a1c273 | 1515259970 | 33.62228393554688 | -96.68988909040178 |
| a1c273 | 1515259962 | 33.62454171908104 | -96.68272018432617 |
| a1c273 | 1515259961 | 33.62468137579449 | -96.68220520019531 |
| a1c273 | 1515259960 | 33.6249606892214  | -96.68094635009766 |
| a1c273 | 1515259959 | 33.62505379369703 | -96.6804313659668  |
| a1c273 | 1515259958 | 33.6252400026483  | -96.67951583862305 |
| a1c273 | 1515259957 | 33.62539672851562 | -96.67828618263712 |
| a1c273 | 1515259955 | 33.62551931607521 | -96.67682647705078 |
| a1c273 | 1515259954 | 33.62551931607521 | -96.67585372924805 |
| a1c273 | 1515259953 | 33.62548828125    | -96.67486696827166 |
| a1c273 | 1515259951 | 33.62525939941406 | -96.67301722935269 |
| a1c273 | 1515259950 | 33.62482103250795 | -96.6712760925293  |
| a1c273 | 1515259949 | 33.62471008300781 | -96.6708311742666  |
| a1c273 | 1515259948 | 33.62458827131886 | -96.67041778564453 |
| a1c273 | 1515259947 | 33.62420654296875 | -96.66948590959822 |
| a1c273 | 1515259946 | 33.62379455566406 | -96.66842090840242 |
| a1c273 | 1515259944 | 33.62295894299523 | -96.66664123535156 |
| a1c273 | 1515259937 | 33.62022399902344 | -96.6610780054209  |
| a1c273 | 1515259936 | 33.61985778808594 | -96.66023721500318 |
| a1c273 | 1515259935 | 33.61951407739672 | -96.65948867797852 |
| a1c273 | 1515259934 | 33.61917114257812 | -96.65855563416773 |
| a1c273 | 1515259933 | 33.618896484375   | -96.65771484375    |
| a1c273 | 1515259932 | 33.61862958487818 | -96.65685653686523 |
| a1c273 | 1515259931 | 33.61839294433594 | -96.65592115752548 |
| a1c273 | 1515259930 | 33.6181640625     | -96.65502548217773 |
| a1c273 | 1515259929 | 33.61802440578654 | -96.65410995483398 |
| a1c273 | 1515259928 | 33.61788940429688 | -96.65311852279973 |
| a1c273 | 1515259927 | 33.61783819683527 | -96.65227890014648 |
| a1c273 | 1515259926 | 33.6177978515625  | -96.65126878388071 |
| a1c273 | 1515259925 | 33.61779164459745 | -96.65033340454102 |
| a1c273 | 1515259924 | 33.6177978515625  | -96.64975536112883 |
| a1c273 | 1515259923 | 33.61783819683527 | -96.64838790893555 |
| a1c273 | 1515259920 | 33.61802673339844 | -96.64599983059628 |
| a1c273 | 1515259541 | 33.65051786778336 | -96.29980087280273 |
| a1c273 | 1515259538 | 33.65093683792373 | -96.29653930664062 |
| a1c273 | 1515259531 | 33.6519144349179  | -96.29070281982422 |
| a1c273 | 1515259530 | 33.65203857421875 | -96.28978495695151 |
| a1c273 | 1515259529 | 33.65219374834481 | -96.28841400146484 |
| a1c273 | 1515259528 | 33.6522216796875  | -96.28793521803254 |
| a1c273 | 1515259526 | 33.65228685282045 | -96.28583908081055 |
| a1c273 | 1515259524 | 33.6522216796875  | -96.28389942402742 |
| a1c273 | 1515259523 | 33.65219374834481 | -96.2830924987793  |
| a1c273 | 1515259522 | 33.65203857421875 | -96.28210573780291 |
| a1c273 | 1515259520 | 33.65172822596663 | -96.28017425537109 |
| a1c273 | 1515259519 | 33.65162658691406 | -96.2797515246333  |
| a1c273 | 1515259518 | 33.65139770507812 | -96.27885468152107 |
| a1c273 | 1515259517 | 33.65107727050781 | -96.27790178571428 |
| a1c273 | 1515259516 | 33.6507568359375  | -96.27694888990754 |
| a1c273 | 1515259515 | 33.65029907226562 | -96.27571573062818 |
| a1c273 | 1515259513 | 33.64972647974047 | -96.27450942993164 |
| a1c273 | 1515259512 | 33.64935406183793 | -96.27376556396484 |
| a1c273 | 1515259511 | 33.64888000488281 | -96.27296914859693 |
| a1c273 | 1515259509 | 33.64750671386719 | -96.2710633569834  |
| a1c273 | 1515259508 | 33.6472126588983  | -96.27073287963867 |
| a1c273 | 1515259504 | 33.64421081542969 | -96.26820466956315 |
| a1c273 | 1515259503 | 33.64384460449219 | -96.26798045878508 |
| a1c273 | 1515259502 | 33.64306640625    | -96.26758808992344 |
| a1c273 | 1515259500 | 33.64148673364672 | -96.26701354980469 |
| a1c273 | 1515259499 | 33.64077758789062 | -96.26680335220027 |
| a1c273 | 1515259498 | 33.63995050979873 | -96.2666130065918  |
| a1c273 | 1515259495 | 33.63697814941406 | -96.26635493064413 |
| a1c273 | 1515259494 | 33.63608667405985 | -96.26632690429688 |
| a1c273 | 1515259487 | 33.63056945800781 | -96.26652308872769 |
| a1c273 | 1515259379 | 33.54190063476562 | -96.27123151506697 |
| a1c273 | 1515259376 | 33.53963043730138 | -96.27145572584504 |
| a1c273 | 1515259374 | 33.53809421345339 | -96.27162388392856 |
| a1c273 | 1515259373 | 33.53732299804688 | -96.27176513671873 |
| a1c273 | 1515259372 | 33.5361328125     | -96.27203979492185 |
| a1c273 | 1515259371 | 33.53572082519531 | -96.27214965820309 |
| a1c273 | 1515259370 | 33.53494262695312 | -96.27236938476562 |
| a1c273 | 1515259369 | 33.53421020507812 | -96.27264404296875 |
| a1c273 | 1515259368 | 33.53343898967161 | -96.27291309590242 |
| a1c273 | 1515259367 | 33.53227518372616 | -96.27347362284758 |
| a1c273 | 1515259366 | 33.53187561035156 | -96.2736877441406  |
| a1c273 | 1515259365 | 33.53109741210938 | -96.27418212890626 |
| a1c273 | 1515259364 | 33.53036499023438 | -96.27467651367186 |
| a1c273 | 1515259363 | 33.53004067631091 | -96.27493099290496 |
| a1c273 | 1515259362 | 33.52931213378906 | -96.27555541992189 |
| a1c273 | 1515259361 | 33.52859755693856 | -96.27616415218432 |
| a1c273 | 1515259360 | 33.52793884277344 | -96.27687377929686 |
| a1c273 | 1515259359 | 33.52738952636719 | -96.27753295898435 |
| a1c273 | 1515259358 | 33.52682857190148 | -96.27835020727042 |
| a1c273 | 1515259357 | 33.52629089355469 | -96.2791809082031  |
| a1c273 | 1515259356 | 33.52578735351562 | -96.28011474609372 |
| a1c273 | 1515259355 | 33.5255716614804  | -96.28053626235652 |
| a1c273 | 1515259354 | 33.52519924357786 | -96.28132100007969 |
| a1c273 | 1515259353 | 33.52473372119968 | -96.28255415935905 |
| a1c273 | 1515259352 | 33.52459716796875 | -96.28297119140626 |
| a1c273 | 1515259351 | 33.52417509434586 | -96.28429179288901 |
| a1c273 | 1515259348 | 33.52359008789062 | -96.28648681640624 |
| a1c273 | 1515259338 | 33.52142851231461 | -96.29550233179208 |
| a1c273 | 1515259108 | 33.46723937988281 | -96.49907226562499 |
| a1c273 | 1515259090 | 33.46370373742055 | -96.51567731584822 |
| a1c273 | 1515259081 | 33.46224975585938 | -96.52406616210936 |
| a1c273 | 1515259070 | 33.46091060315148 | -96.53389444156568 |
| a1c273 | 1515259063 | 33.46021231958422 | -96.54067681760205 |
| a1c273 | 1515259057 | 33.45979334944386 | -96.54628208705356 |
| a1c273 | 1515259017 | 33.45853643902277 | -96.58372528698982 |
| a1c273 | 1515258988 | 33.45831298828125 | -96.61113281249999 |
| a1c273 | 1515258986 | 33.45822143554688 | -96.61300048828122 |
| a1c273 | 1515258985 | 33.45811746888241 | -96.61404979472258 |
| a1c273 | 1515258984 | 33.45802436440677 | -96.61494663783481 |
| a1c273 | 1515258982 | 33.45774505097987 | -96.61679637675383 |
| a1c273 | 1515258981 | 33.45762634277344 | -96.6175598144531  |
| a1c273 | 1515258980 | 33.45744323730469 | -96.61854858398436 |
| a1c273 | 1515258979 | 33.45721435546875 | -96.61942749023439 |
| a1c273 | 1515258978 | 33.45693969726562 | -96.62030639648435 |
| a1c273 | 1515258977 | 33.45662779727225 | -96.62122453962053 |
| a1c273 | 1515258976 | 33.45616149902344 | -96.62250366210935 |
| a1c273 | 1515258975 | 33.45597839355469 | -96.62288818359372 |
| a1c273 | 1515258974 | 33.45561218261719 | -96.62376708984374 |
| a1c273 | 1515258973 | 33.45538330078125 | -96.62426147460934 |
| a1c273 | 1515258971 | 33.45411397643009 | -96.62654954559946 |
| a1c273 | 1515258970 | 33.45387268066406 | -96.626953125      |
| a1c273 | 1515258969 | 33.45308982719809 | -96.6280629683514  |
| a1c273 | 1515258968 | 33.45281982421875 | -96.62843627929686 |
| a1c273 | 1515258967 | 33.45220533467955 | -96.6291840222417  |
| a1c273 | 1515258966 | 33.45172119140625 | -96.62980957031249 |
| a1c273 | 1515258965 | 33.45108808097193 | -96.63041718152107 |
| a1c273 | 1515258964 | 33.45071411132812 | -96.63079833984375 |
| a1c273 | 1515258963 | 33.44973806607521 | -96.63170639349488 |
| a1c273 | 1515258962 | 33.44943237304688 | -96.63200683593749 |
| a1c273 | 1515258961 | 33.44876046908104 | -96.63254718391261 |
| a1c273 | 1515258960 | 33.44796908103813 | -96.63305165816325 |
| a1c273 | 1515258959 | 33.44718933105469 | -96.63359985351559 |
| a1c273 | 1515258958 | 33.44631958007812 | -96.63409423828125 |
| a1c273 | 1515258957 | 33.44568802138506 | -96.63439692283163 |
| a1c273 | 1515258956 | 33.44489663334216 | -96.63478929169321 |
| a1c273 | 1515258953 | 33.44256902145127 | -96.63585429288901 |
| a1c273 | 1515258826 | 33.3474162473517  | -96.67430644132651 |
| a1c273 | 1515258776 | 33.30859168101165 | -96.6895527742347  |
| a1c273 | 1515258774 | 33.30656433105469 | -96.69034423828123 |
| a1c273 | 1515258767 | 33.30212091995498 | -96.69201909279337 |
| a1c273 | 1515258756 | 33.29397583007812 | -96.69523315429689 |
| a1c273 | 1515258752 | 33.29122769630561 | -96.69627909757651 |
| a1c273 | 1515258750 | 33.28971862792969 | -96.69671630859375 |
| a1c273 | 1515258734 | 33.27791375628972 | -96.69992252272004 |
| a1c273 | 1515258731 | 33.27572580111229 | -96.70070726044321 |
| a1c273 | 1515258728 | 33.27353784593485 | -96.70154805086094 |
| a1c273 | 1515258726 | 33.27200317382812 | -96.70226440429684 |
| a1c273 | 1515258721 | 33.26861572265625 | -96.70407714843748 |
| a1c273 | 1515258702 | 33.25602722167969 | -96.71083374023436 |
| a1c273 | 1515258688 | 33.24718927932998 | -96.71494464485011 |
| a1c273 | 1515258670 | 33.23643493652344 | -96.71940307617189 |
| a1c273 | 1515258661 | 33.2318115234375  | -96.72110595703123 |
| a1c273 | 1515258649 | 33.22544860839844 | -96.7230285644531  |
| a1c273 | 1515258631 | 33.2155803098517  | -96.72570676219704 |
| a1c273 | 1515258603 | 33.20035772808527 | -96.73013492506379 |
| a1c273 | 1515258602 | 33.19979910123146 | -96.73035913584181 |
| a1c273 | 1515258601 | 33.19928702661547 | -96.73052729392538 |
| a1c273 | 1515258600 | 33.19866943359375 | -96.73082885742184 |
| a1c273 | 1515258599 | 33.19812322067002 | -96.73108782087053 |
| a1c273 | 1515258598 | 33.19761114605402 | -96.7313680843431  |
| a1c273 | 1515258597 | 33.19711303710938 | -96.73170776367186 |
| a1c273 | 1515258596 | 33.19654044458422 | -96.73226492745533 |
| a1c273 | 1515258595 | 33.19610595703125 | -96.73275146484372 |
| a1c273 | 1515258594 | 33.19596862792969 | -96.7329162597656  |
| a1c273 | 1515258593 | 33.195556640625   | -96.73363037109374 |
| a1c273 | 1515258592 | 33.19537353515625 | -96.73395996093751 |
| a1c273 | 1515258591 | 33.19514387744968 | -96.7345630879305  |
| a1c273 | 1515258590 | 33.19491577148438 | -96.73516845703125 |
| a1c273 | 1515258589 | 33.19481801178495 | -96.73562808912629 |
| a1c273 | 1515258588 | 33.19473266601562 | -96.7362121582031  |
| a1c273 | 1515258587 | 33.1946783550715  | -96.7367491430166  |
| a1c273 | 1515258586 | 33.19468688964844 | -96.73736572265625 |
| a1c273 | 1515258585 | 33.19472490730932 | -96.7379823022959  |
| a1c273 | 1515258584 | 33.19477844238281 | -96.73846435546875 |
| a1c273 | 1515258583 | 33.19500732421875 | -96.73917846679689 |
| a1c273 | 1515258582 | 33.1951904296875  | -96.73960783043685 |
| a1c273 | 1515258581 | 33.19542319087659 | -96.740056251993   |
| a1c273 | 1515258580 | 33.19564819335938 | -96.74044189453122 |
| a1c273 | 1515258579 | 33.1959818177304  | -96.74078493702166 |
| a1c273 | 1515258578 | 33.19626113115731 | -96.74106520049423 |
| a1c273 | 1515258577 | 33.19668010129767 | -96.74134546396681 |
| a1c273 | 1515258576 | 33.19705251920021 | -96.74156967474488 |
| a1c273 | 1515258575 | 33.19742493710275 | -96.74173783282845 |
| a1c273 | 1515258574 | 33.19775390625    | -96.74187011718749 |
| a1c273 | 1515258573 | 33.19816589355469 | -96.74197998046873 |
| a1c273 | 1515258572 | 33.19849563857256 | -96.74201809630102 |
| a1c273 | 1515258571 | 33.1988525390625  | -96.74203491210938 |
| a1c273 | 1515258568 | 33.20008850097656 | -96.74208984374997 |
| a1c273 | 1515258548 | 33.20780608613612 | -96.74213020169003 |
